
t1 =

    0.0012    0.0038    0.0103    0.0254    0.0423    0.0689    0.1065

>> T_X

T_X =

    0.0009    0.0041    0.0112    0.0236    0.0426    0.0697    0.1061

>> p1

p1 =

   1.0e-03 *

    0.0000    0.0000   -0.0003    0.1693

>> p2

p2 =

   1.0e-03 *

    0.0000    0.0000    0.0034   -0.2204

>> p1(1)

ans =

   2.8802e-11

>> p1(2)

ans =

   1.3941e-08

>> p1(3)

ans =

  -2.6952e-07

>> p1(4)

ans =

   1.6930e-04

>> t2

t2 =

    0.0020    0.0087    0.0237    0.0499    0.0901    0.1468    0.2249

>> T_QR

T_QR =

    0.0019    0.0089    0.0238    0.0498    0.0899    0.1472    0.2248

>> T_X_2

T_X_2 =

  Columns 1 through 7

    0.0014    0.0055    0.0138    0.0277    0.0486    0.0779    0.1169

  Column 8

    0.1671

>> T_QR_@
 T_QR_@
       |
Error: Expression or statement is incomplete or incorrect.
 
>> T_QR_2

T_QR_2 =

  Columns 1 through 7

    0.0030    0.0117    0.0291    0.0584    0.1025    0.1646    0.2477

  Column 8

    0.3550

>> t1_1

t1_1 =

  Columns 1 through 7

    0.0015    0.0049    0.0124    0.0268    0.0475    0.0788    0.1199

  Column 8

    0.1745

>> t2_1

t2_1 =

  Columns 1 through 7

    0.0025    0.0103    0.0274    0.0594    0.1038    0.1711    0.2529

  Column 8

    0.3629

